1 0
18 0
42 0
47 0
53 0
81 0
87 0
113 0
116 0
119 0
121 0
129 0
130 0
150 0
155 0
183 0
184 0
189 0
190 0
192 0
212 0
213 0
222 0
223 0
225 0
231 0
232 0
248 0
252 0
267 0
284 0
289 0
290 0
294 0
304 0
307 0
318 0
344 0
354 0
372 0
377 0
380 0
382 0
383 0
385 0
405 0
428 1
448 0
458 0
468 0
469 0
494 0
499 0
503 0
509 0
514 0
522 0
541 0
551 0
557 0
560 0
564 0
567 0
572 0
577 0
580 0
587 0
596 0
604 0
611 0
614 0
633 0
650 0
652 0
663 0
682 0
687 0
697 0
700 0
708 0
709 0
711 0
713 0
717 0
724 0
733 0
736 0
737 0
759 0
782 0
783 0
794 0
797 0
799 0
802 0
811 0
815 0
817 0
819 0
851 0
854 0
857 0
859 0
865 0
870 0
872 0
896 0
900 0
905 0
915 0
942 0
952 0
962 0
967 0
979 0
980 0
983 0
984 0
986 0
988 0
989 0
1002 0
1004 0
1011 0
1018 0
1043 0
1047 0
1054 0
1055 0
1058 1
1062 0
1065 0
1081 0
1097 0
1099 0
1111 0
1114 0
1118 0
1121 0
1122 0
1130 0
1134 0
1145 0
1164 0
1172 0
1180 0
1204 0
1212 0
1213 0
1243 0
1244 0
1264 0
1273 0
1290 0
1306 0
1310 0
1321 0
1336 0
1337 0
1347 0
1353 0
1357 0
1364 0
1365 0
1371 0
1380 0
1389 0
1413 0
1417 0
1422 0
1423 0
1436 0
1443 0
1446 0
1450 0
1462 0
1484 0
1510 0
1526 0
1528 0
1536 0
1548 0
1561 0
1565 0
1567 0
1571 0
1583 0
1584 0
1586 0
1590 0
1613 0
1616 0
1627 0
1628 0
1632 0
1635 0
1653 0
1661 0
1664 0
1665 0
1676 0
1679 0
1700 0
1702 0
1718 0
1731 0
1763 0
1767 0
1772 0
1781 0
1782 0
1788 0
1791 0
1812 0
1819 0
1832 0
1836 0
1845 0
1850 0
1854 0
1869 0
1870 0
1887 0
1902 0
1903 0
1915 0
1922 1
1923 0
1931 0
1936 0
1949 0
1952 0
1955 0
1969 0
1996 0
2008 0
2017 0
2029 0
2040 0
2073 0
2074 0
2077 0
2081 0
2086 0
2091 0
2093 0
2114 0
2124 0
2128 0
2133 0
2135 0
2157 0
2159 0
2162 0
2164 0
2173 0
2191 0
2195 0
2215 1
2229 0
2235 0
2244 0
2246 0
2247 0
2253 0
2255 0
2257 0
2268 0
2269 0
2271 0
2285 0
2286 0
2290 0
2300 0
2301 0
2303 0
2304 0
2305 0
2312 0
2327 0
2348 0
2352 0
2354 0
2357 0
2370 0
2373 0
2377 0
2393 0
2400 0
2404 0
2416 0
2432 0
2438 0
2477 0
2478 0
2505 0
2507 0
2526 0
2534 0
2540 0
2553 0
2562 0
2565 0
2568 0
2569 0
2570 0
2572 0
2576 0
2582 0
2584 0
2592 0
2603 0
2614 0
2618 0
2620 0
2625 0
2635 0
2644 0
2655 0
2656 0
2663 0
2670 0
2677 1
2679 0
2694 0
2695 0
2696 0
2697 0
2700 0
2718 0
2727 0
2728 0
2730 0
2742 0
2756 0
2777 0
2783 0
2787 0
2790 0
2798 0
2807 0
2808 0
2809 0
2817 0
2833 0
2838 0
2841 0
2850 0
2857 0
2859 0
2889 0
2891 0
2899 0
2902 0
2909 0
2929 0
2936 0
2942 0
2948 0
2950 0
2951 0
2960 0
2971 0
2976 0
2981 0
2993 0
2997 0
3005 0
3012 0
3013 0
3021 0
3026 0
3030 0
3046 0
3055 0
3061 0
3081 0
3084 0
3087 0
3089 0
3090 0
3092 0
3105 0
3134 0
3141 0
3144 0
3148 0
3163 0
3170 0
3183 0
3243 0
3245 0
3261 0
3265 0
3275 0
3282 0
3283 0
3284 0
3288 0
3294 0
3303 0
3307 0
3314 0
3320 0
3333 0
3337 0
3339 0
3344 0
3352 0
3353 0
3357 0
3359 0
3360 0
3365 0
3383 0
3398 0
3401 0
3409 0
3414 0
3417 0
3431 0
3432 0
3439 0
3468 0
3478 0
3490 0
3491 0
3495 0
3502 0
3527 0
3529 0
3539 0
3544 0
3559 0
3565 0
3590 0
3594 0
3605 0
3606 0
3611 0
3612 0
3618 0
3624 0
3625 0
3635 0
3641 0
3661 0
3677 0
3696 0
3701 0
3726 0
3727 0
3729 0
3732 0
3739 0
3747 0
3761 0
3765 0
3776 0
3777 0
3779 0
3780 0
3792 0
3796 0
3802 0
3805 1
3806 0
3815 0
3817 0
3832 0
3837 0
3842 0
3843 1
3850 0
3853 0
3854 0
3856 0
3862 0
3875 0
3889 0
3894 0
3898 0
3904 0
3915 0
3918 0
3927 0
3929 0
3933 0
3955 0
3959 0
3980 0
3991 0
3996 0
4004 0
4006 0
4013 0
4025 0
4026 0
4041 0
4042 0
4050 0
4052 0
4055 0
4066 0
4067 0
4073 0
4082 0
4091 0
4092 0
4096 0
4107 0
4111 0
4114 0
4120 0
4130 0
4138 0
4154 0
4155 0
4181 0
4192 0
4200 0
4220 0
4232 0
4258 0
4262 0
4272 0
4279 0
4288 0
4295 0
4312 0
4317 0
4321 0
4324 0
4335 0
4342 0
4345 0
4352 0
4353 0
4354 0
4362 0
4371 0
4372 0
4391 0
4394 0
4410 1
4416 0
4422 0
4426 0
4430 0
4435 0
4443 0
4463 0
4471 0
4489 0
4503 0
4522 0
4524 0
4526 0
4528 0
4556 0
4564 0
4578 0
4604 0
4616 0
4617 0
4626 0
4637 0
4647 0
4651 0
4652 0
4664 0
4667 0
4670 0
4677 0
4682 0
4699 0
4713 0
4723 0
4725 0
4726 0
4727 0
4738 0
4746 0
4757 0
4765 0
4767 0
4775 0
4814 0
4834 0
4841 0
4844 0
4847 0
4857 0
4858 0
4860 0
4867 0
4874 0
4876 0
4885 0
4908 0
4909 0
4915 0
4938 0
4973 0
4980 0
4984 0
4985 1
4997 0
5000 0
5012 0
5013 0
5023 0
5038 0
5048 0
5067 0
5069 0
5083 0
5094 0
5099 0
5109 0
5144 0
5147 0
5148 0
5150 1
5158 0
5171 0
5172 0
5182 0
5189 0
5194 0
5198 0
5214 0
5232 0
5249 0
5251 0
5258 0
5285 0
5288 0
5299 0
5314 0
5319 0
5326 0
5329 0
5330 0
5347 0
5351 0
5381 0
5387 0
5396 0
5401 0
5405 0
5433 0
5436 0
5450 0
5455 0
5459 0
5465 0
5473 0
5485 0
5491 0
5494 0
5495 0
5500 0
5510 0
5511 0
5525 0
5536 0
5548 0
5557 0
5579 0
5583 0
5584 0
5599 0
5619 0
5625 0
5626 0
5627 0
5638 0
5639 0
5644 0
5659 0
5662 0
5673 0
5707 0
5715 0
5723 0
5741 0
5750 0
5753 0
5758 0
5763 0
5764 0
5771 0
5784 0
5792 0
5796 0
5809 0
5815 0
5833 0
5870 0
5871 0
5920 0
5923 0
5925 0
5938 0
5946 0
5969 0
5975 0
5984 0
5990 0
5991 0
5992 0
5998 0
6014 1
6019 0
6039 0
6044 0
6060 0
6063 0
6065 0
6070 0
6076 0
6078 0
6093 0
6103 0
6115 0
6124 0
6130 0
6132 0
6134 0
6136 0
6151 1
6152 0
6158 0
6165 0
6171 0
6173 0
6174 0
6175 0
6177 0
6179 0
6184 0
6189 0
6198 0
6213 0
6214 0
6224 0
6225 0
6235 0
6240 0
6246 0
6249 0
6253 0
6254 0
6261 0
6284 0
6285 0
6292 0
6293 0
6310 0
6337 0
6344 0
6348 0
6361 0
6365 0
6375 0
6384 0
6400 0
6402 0
6408 0
6417 0
6436 0
6452 0
6462 0
6472 0
6473 0
6481 0
6491 0
6509 0
6517 0
6519 0
6532 0
6533 0
6535 0
6554 0
6571 0
6601 0
6605 0
6606 0
6608 0
6615 0
6620 0
6625 0
6632 0
6635 0
6642 0
6648 0
6661 0
6666 0
6669 0
6676 0
6679 0
6681 0
6692 0
6697 0
6698 0
6719 0
6722 0
6740 0
6744 0
6762 0
6765 0
6771 0
6776 0
6780 0
6801 0
6807 0
6817 0
6829 0
6842 0
6849 0
6850 0
6871 0
6875 0
6877 0
6885 1
6894 0
6895 0
6898 0
6903 0
6909 0
6911 0
6917 0
6925 0
6933 0
6938 0
6945 0
6946 0
6948 0
6961 0
6962 0
6967 0
6968 0
6970 0
6974 0
6992 0
7003 0
7011 0
7013 0
7021 0
7030 0
7033 0
7039 0
7043 0
7045 0
7050 0
7053 0
7074 0
7086 0
7090 0
7096 0
7101 0
7128 0
7134 0
7146 0
7170 0
7176 0
7193 0
7209 0
7216 0
7222 0
7239 0
7244 0
7245 0
7246 0
7252 0
7259 0
7271 0
7274 0
7277 0
7284 0
7290 0
7295 0
7296 0
7309 0
7313 0
7315 0
7341 0
7345 0
7352 0
7364 0
7373 0
7377 0
7378 0
7381 0
7420 0
7421 0
7441 0
7449 0
7461 0
7465 0
7470 0
7471 0
7487 0
7497 0
7498 0
7499 0
7500 0
7522 0
7543 0
7553 0
7584 0
7586 0
7589 0
7598 0
7603 0
7606 0
7612 0
7628 0
7629 0
7632 0
7641 0
7653 0
7655 0
7656 0
7668 0
7671 0
7677 0
7688 0
7690 0
7693 0
7699 0
7713 0
7717 0
7724 0
7727 0
7739 0
7770 0
7771 0
7775 0
7786 0
7789 0
7799 0
7800 0
7801 0
7816 0
7818 0
7824 0
7830 0
7834 0
7844 0
7854 0
7855 0
7858 0
7900 0
7906 0
7907 0
7916 0
7919 0
7920 0
7929 0
7931 0
7942 0
7949 0
7952 0
7954 0
7956 0
7959 0
7975 0
7981 0
7986 0
7991 0
7998 0
8008 0
8015 0
8022 0
8025 0
8046 0
8068 0
8078 0
8086 0
8089 0
8092 0
8102 0
8120 0
8126 0
8132 0
8148 0
8157 0
8165 0
8168 0
8174 0
8178 0
8183 0
8187 0
8194 0
8206 0
8209 0
8219 0
8220 0
8223 0
8228 0
8251 0
8256 0
