36 0
131 0
138 0
141 0
160 0
165 0
219 0
224 0
415 0
446 0
507 0
521 0
561 0
658 0
964 0
1019 0
1087 0
1115 0
1153 0
1154 0
1170 0
1200 0
1218 0
1317 0
1342 0
1362 0
1543 0
1611 0
1672 0
1678 0
1698 0
1703 0
1796 0
1858 0
1912 0
1993 0
2094 0
2179 0
2183 0
2211 0
2220 0
2259 0
2338 0
2347 0
2349 0
2448 0
2468 0
2483 0
2518 0
2525 0
2595 0
2691 0
2702 0
2703 0
2791 0
2825 0
2874 0
2885 0
2931 0
2979 0
3165 0
3167 0
3204 0
3221 0
3251 0
3270 0
3305 0
3326 0
3327 0
3373 1
3418 0
3420 0
3425 0
3430 0
3453 0
3494 0
3535 0
3549 0
3656 0
3665 0
3683 0
3737 0
3755 0
3810 0
3824 0
3831 0
3865 0
3879 0
3901 0
3931 0
3994 0
4087 0
4110 0
4144 0
4149 0
4205 0
4251 0
4253 0
4305 0
4330 0
4375 0
4396 0
4432 0
4445 0
4574 0
4747 0
4799 0
4843 0
4950 0
4978 0
4991 0
5005 0
5009 0
5139 0
5161 0
5233 0
5246 0
5264 0
5269 0
5376 0
5424 0
5454 0
5520 0
5648 0
5672 0
5721 0
5847 0
5883 0
5901 0
5909 0
5911 0
5918 0
5927 0
5951 0
6083 0
6101 0
6139 0
6144 0
6236 0
6273 0
6278 0
6391 0
6582 0
6703 0
6752 0
6757 0
6792 0
6805 0
6815 0
6928 0
6934 0
7136 0
7154 0
7183 0
7186 0
7261 1
7300 0
7312 0
7318 0
7348 0
7376 0
7483 0
7511 0
7531 0
7534 0
7544 0
7546 0
7548 0
7570 0
7578 0
7614 0
7755 0
7762 0
7782 0
7814 0
7863 0
7867 0
7876 0
7880 0
7993 0
8082 0
8091 0
8190 0
8198 0
